source,target
caadria2001_00f7,Gregory J Smith
caadria2001_00f7,John S. Gero
caadria2001_0657,Mitsuo Morozumi
caadria2001_0657,Riken Homma
caadria2001_0657,Yasuhiro Shounai
caadria2001_0657,Shigeyuki Yamaguchi
caadria2001_0657,Norihiro Kawasumi
caadria2001_0b74,Benny Chow
caadria2001_0b74,Selina Lam
caadria2001_0b74,Jin-Yeu Tsou
caadria2001_0f2b,Andre Brown
caadria2001_0f2b,Michael W. Knight
caadria2001_13b3,Jos P. Van Leeuwen
caadria2001_13b3,A.J. Jessurun
caadria2001_1409,Ying-Tzu Lin
caadria2001_1409,Mao-Lin Chiu
caadria2001_1445,Luisa G. Caldas
caadria2001_1445,João Rocha
caadria2001_1543,Rohan O. Bailey
caadria2001_18ea,Patrick Janssen
caadria2001_18ea,John Hamilton Frazer
caadria2001_18ea,Ming-Xi Tang
caadria2001_1906,Neander F. Silva
caadria2001_1a29,Hyun-Kyung Kim
caadria2001_1a29,Hyun Soo Lee
caadria2001_1a29,Jin-Won Choi
caadria2001_1a29,Myung-Eun Cho
caadria2001_1a29,Mijeong Kim
caadria2001_1b3f,Maria Papanikolaou
caadria2001_2411,Sheng-Chih Chen
caadria2001_2538,Rob Saunders
caadria2001_2538,John S. Gero
caadria2001_355e,Ma-Rie Kim
caadria2001_355e,S. Cho
caadria2001_355e,S. Lee
caadria2001_355e,Chaeshin Yoon
caadria2001_3af8,Chia Hsun Lee
caadria2001_3af8,Chen-Chen Pang
caadria2001_3af8,Taysheng Jeng
caadria2001_3f21,D. Donath
caadria2001_3f21,Thorsten M. Loemker
caadria2001_3f21,Katharina Richter
caadria2001_4b30,Ahmad Rafi
caadria2001_4b30,J. Mohd Fazidin
caadria2001_4c36,Hsien-Hui Tang
caadria2001_4c36,John S. Gero
caadria2001_5779,Yasser S. Osman
caadria2001_5a98,Ching-Hui Huang
caadria2001_5cc3,Davood Chitchian
caadria2001_5cc3,Jan Heeling
caadria2001_5d0d,Ayca Tuzmen
caadria2001_657b,Theodor G. Wyeld
caadria2001_657b,Robert F. Woodbury
caadria2001_657b,S.J. Shannon
caadria2001_67fa,Sambit Datta
caadria2001_67fa,Robert F. Woodbury
caadria2001_6b40,Ying-Hsiu Huang
caadria2001_6b40,Yu-Tung Liu
caadria2001_6b40,Cheng-Yuan Lin
caadria2001_6b40,Yi- Ting Chen
caadria2001_6b40,Yu-Chen Chiu
caadria2001_6b40,Sooyeon Oh
caadria2001_6b40,Atsuko Kaga
caadria2001_6b40,Tsuyoshi Sasada
caadria2001_6bd9,Mary Lou Maher
caadria2001_6bd9,Ning Gu
caadria2001_6bd9,Fei Li
caadria2001_76d7,Alexandra Tisma
caadria2001_77c8,Wei Wu
caadria2001_77c8,Edward Ng
caadria2001_78e7,Wen-Chang Hu
caadria2001_7c56,Rodrigo Garcia Alvarado
caadria2001_7c56,Juan Carlos Parra Marquez
caadria2001_7c56,Gerardo Valverde Vildosola
caadria2001_7c64,Sheng-Kai Tang
caadria2001_7c64,Yu-Tung Liu
caadria2001_7c64,Cheng-Yuan Lin
caadria2001_7c64,Sheng-Cheng Shih
caadria2001_7c64,Chih-Hien Chang
caadria2001_7c64,Yu-Chen Chiu
caadria2001_7f13,Harald Gatermann
caadria2001_7ff9,Jin-Won Choi
caadria2001_7ff9,Hyun Soo Lee
caadria2001_7ff9,Jie-En Hwang
caadria2001_7ff9,Mijeong Kim
caadria2001_8d1a,Bob Martens
caadria2001_8d1a,Andreas Voigt
caadria2001_a275,Rudi Stouffs
caadria2001_a275,Bige Tunçer
caadria2001_a275,Sevil Sariyildiz
caadria2001_a4d7,Robert F. Woodbury
caadria2001_a4d7,S.J. Shannon
caadria2001_a4d7,Tristan D. Sterk
caadria2001_aa48,Mao-Lin Chiu
caadria2001_aa48,Shigeyuki Yamaguchi
caadria2001_aa48,Mitsuo Morozumi
caadria2001_afb5,Huang Yan
caadria2001_afb5,Boon Lay Ong
caadria2001_afb5,Guan Tiong Lim
caadria2001_b15f,Norihiro Kawasumi
caadria2001_b15f,Mitsuo Morozumi
caadria2001_b15f,Yasuhiro Shounai
caadria2001_b15f,Riken Homma
caadria2001_b2df,Mao-Lin Chiu
caadria2001_b405,Mao-Lin Chiu
caadria2001_b405,Yu-Ming Lin
caadria2001_b405,Chia Hsun Lee
caadria2001_b405,Pei-Hsueh Tsai
caadria2001_be0b,Wolfgang Dokonal
caadria2001_be0b,Bob Martens
caadria2001_be0b,Reinhard Plöesch
caadria2001_c006,Teng-Wen Chang
caadria2001_c006,Jessica Hsiao-Li Huang
caadria2001_c123,Michael Yip
caadria2001_c123,Jim Plume
caadria2001_c535,Jan Dijkstra
caadria2001_c535,Jos P. Van Leeuwen
caadria2001_c535,Harry J.P. Timmermans
caadria2001_c69f,Nicole Segers
caadria2001_c69f,B. De Vries
caadria2001_c69f,Henri Achten
caadria2001_c69f,Harry J.P. Timmermans
caadria2001_d270,Hyoung-June Park
caadria2001_d270,Emmanuel-George Vakalo
caadria2001_d4de,Tomohiro Fukuda
caadria2001_d4de,Ryuichiro Nagahama
caadria2001_d4de,Atsuko Kaga
caadria2001_d4de,Sooyeon Oh
caadria2001_d4de,Tsuyoshi Sasada
caadria2001_db93,Zhang Xiao
caadria2001_db93,Wang Gu
caadria2001_db93,S. Hongsan
caadria2001_dd11,Ju-Hung Lan
caadria2001_dd11,Taysheng Jeng
caadria2001_de98,Chien-Hui Wong
caadria2001_de98,Yu-Tung Liu
caadria2001_de98,Sheng-Chih Chen
caadria2001_de98,Kuo-Wei Chang
caadria2001_de98,Te Lai
caadria2001_de98,Hui-Lin Lee
caadria2001_de98,Yu-Ying Chang
caadria2001_dee5,Alexander Koutamanis
caadria2001_dee5,Vicky Mitossi
caadria2001_e7a9,Wu Cong
caadria2001_e7a9,Zhang Hongran
caadria2001_eaa2,C. Godart
caadria2001_eaa2,Gilles Halin
caadria2001_eaa2,Jean-Claude Bignon
caadria2001_eaa2,C. Bouthier
caadria2001_eaa2,O. Malcurat
caadria2001_eaa2,P. Molli
caadria2001_f55c,Cheng-Yuan Lin
caadria2001_f7ec,Taysheng Jeng
caadria2001_f7ec,Sheng-Chih Chen
caadria2001_f7ec,Chia Hsun Lee
caadria2001_f7ec,Jung-Yu Chiang
caadria2001_f7ec,Pei-Ying Huang
caadria2002_073c,Kostas Papamichael
caadria2002_073c,Vineeta Pal
caadria2002_09a8,Mao-Lin Chiu
caadria2002_09a8,Cheng-Yuan Lin
caadria2002_09a8,Taysheng Jeng
caadria2002_09a8,Chia Hsun Lee
caadria2002_0d4c,Thomas Fischer
caadria2002_0d4c,Christiane Marger Herr
caadria2002_0d4c,Mark Burry
caadria2002_0d4c,John Hamilton Frazer
caadria2002_11fc,Sheng-Kai Tang
caadria2002_11fc,Yu-Tung Liu
caadria2002_11fc,Yang-Cheng Fan
caadria2002_11fc,Yen-Liang Wu
caadria2002_11fc,Huei-Ying Lu
caadria2002_11fc,Chor-Kheng Lim
caadria2002_11fc,Lan-Ying Hung
caadria2002_11fc,Yen-Jen Chen
caadria2002_12e3,Ahmad Rafi
caadria2002_12e3,A. Che Zulkhairi
caadria2002_12e3,Peter Karboulonis
caadria2002_156e,Jin-Yeu Tsou
caadria2002_156e,Benny Chow
caadria2002_156e,Selina Lam
caadria2002_1969,Chee-Weng Khong
caadria2002_1969,Cheong Seng Foo
caadria2002_1fda,Hani Rashid
caadria2002_1fda,Lise Anne Couture
caadria2002_3439,Murali Paranandi
caadria2002_3439,T. Sarawgi
caadria2002_3b65,Bob Martens
caadria2002_3b65,Ziga Turk
caadria2002_3ff7,J. Mohd Fazidin
caadria2002_3ff7,A.M. Ahmad Zuhairi
caadria2002_461b,Ahmad Rafi
caadria2002_461b,Peter Karboulonis
caadria2002_4956,Ching-Hui Huang
caadria2002_4956,Peng-Hui Wan
caadria2002_4956,Yuan-Zone Lee
caadria2002_4956,Jui-Yu Su
caadria2002_4956,Te Lai
caadria2002_4956,Chia-Lun Chang
caadria2002_4956,Yu-Tung Liu
caadria2002_510f,Taysheng Jeng
caadria2002_510f,Chia Hsun Lee
caadria2002_510f,Chi Chen
caadria2002_510f,Yu-Pin Ma
caadria2002_5c95,Cheong Wai Lou
caadria2002_5c95,Atsuko Kaga
caadria2002_5c95,Tsuyoshi Sasada
caadria2002_6440,Yu-Li Chang
caadria2002_6440,Yuan-Zone Lee
caadria2002_6440,Yu-Tung Liu
caadria2002_65cb,Jie He
caadria2002_65cb,Jin-Yeu Tsou
caadria2002_68f3,Rabee M. Reffat
caadria2002_6cc2,Pak-San Liew
caadria2002_6cc2,John S. Gero
caadria2002_7258,Jeremy J. Ham
caadria2002_7400,H. Rizal
caadria2002_7400,Ahmad Rafi
caadria2002_760d,Philip Berridge
caadria2002_760d,Andre Brown
caadria2002_760d,Michael W. Knight
caadria2002_817b,Chin-Wei Bong
caadria2002_817b,Yin Chai Wang
caadria2002_8301,Steve Garner
caadria2002_8301,Phebe Mann
caadria2002_898a,Joo-Hwa Bay
caadria2002_9230,Thomas Kvan
caadria2002_946b,Qi Zhou
caadria2002_946b,Robert J. Krawczyk
caadria2002_946b,George Schipporiet
caadria2002_9ad5,Chia Hsun Lee
caadria2002_9ad5,Taysheng Jeng
caadria2002_9e16,Herman Neuckermans
caadria2002_9e16,Ann Heylighen
caadria2002_9e16,P. Morisse
caadria2002_9fde,Sheng-Chih Chen
caadria2002_a20e,Hui-Ting Lin
caadria2002_a20e,Mao-Lin Chiu
caadria2002_aa28,Peter Lawrence
caadria2002_ac57,Han-Seon Bae
caadria2002_ac57,Hyun-A Kim
caadria2002_ac57,Soo-Young Shin
caadria2002_ac57,Ma-Rie Kim
caadria2002_ac57,Chaeshin Yoon
caadria2002_b98f,John S. Gero
caadria2002_b98f,Ricardo Sosa
caadria2002_bb35,Murali Paranandi
caadria2002_d9de,Tomohiro Fukuda
caadria2002_d9de,Ryuichiro Nagahama
caadria2002_d9de,Atsuko Kaga
caadria2002_d9de,Tsuyoshi Sasada
caadria2002_e16c,Jaroslaw Szewczyk
caadria2002_e8e0,Ying-Hsiu Huang
caadria2002_e8f8,Matthew R. Simpson
caadria2002_ea19,Peter Russell
caadria2002_ec93,Alpha W.K. Lee
caadria2002_fc4f,Cheng-Yuan Lin
caadria2002_fecd,Danuta Korolczuk
caadria2002_fecd,Jaroslaw Szewczyk
caadria2003_a1-1,Andrew L. Burrow
caadria2003_a1-1,Jane Burry
caadria2003_a1-1,G. More
caadria2003_a1-1,Yamin Tengono
caadria2003_a1-1,Mark Burry
caadria2003_a1-2,Monchai Bunyavipakul
caadria2003_a1-2,Ekasidh Charoensilp
caadria2003_a1-3,Sheng-Cheng Shih
caadria2003_a2-1,Gretchen Schira
caadria2003_a2-2,Gilles Halin
caadria2003_a2-2,Jean-Claude Bignon
caadria2003_a2-2,C. Scaletsky
caadria2003_a2-2,Walaiporn Nakapan
caadria2003_a2-2,S. Kacher
caadria2003_a2-3,Chien-Cheng Lin
caadria2003_a2-4,Hartmut Seichter
caadria2003_a3-1,Chien-Pu Huang
caadria2003_a3-2,Ih-Cheng Lai
caadria2003_a3-2,Teng-Wen Chang
caadria2003_a3-3,Marc Aurel Schnabel
caadria2003_a3-4,Yen-Liang Wu
caadria2003_a4-1,Jia-Yih Chen
caadria2003_a4-1,Taysheng Jeng
caadria2003_a4-2,Wookhyun Yeo
caadria2003_a4-2,Cheong Wai Lou
caadria2003_a4-2,Atsuko Kaga
caadria2003_a4-2,Tsuyoshi Sasada
caadria2003_a4-2,Changsoo Byun
caadria2003_a4-2,T. Ikegami
caadria2003_a4-3,Yu-Li Chang
caadria2003_a5-1,Michael W. Knight
caadria2003_a5-1,Andre Brown
caadria2003_a5-2,Julian H. Kang
caadria2003_a5-2,Jin G. Park
caadria2003_a5-2,Byeong-Cheol Lho
caadria2003_a5-3,Teng-Wen Chang
caadria2003_a5-3,Ih-Cheng Lai
caadria2003_a5-4,Yu-Li Chang
caadria2003_a6-1,Catherine Hu
caadria2003_a6-1,Michael A. Fox
caadria2003_a6-2,Mohamed R. Embi
caadria2003_a6-2,Malsiah Hamid
caadria2003_a6-2,Ahmad Rafi
caadria2003_a6-3,Rivka Oxman
caadria2003_a6-4,Zbigniew Bialas
caadria2003_a6-4,Agata Glinkowska
caadria2003_a6-4,Anetta Kepczynska-Walczak
caadria2003_a6-4,Rafal Szrajber
caadria2003_a7-1,D. Chantawit
caadria2003_a7-1,B.H.W. Hadikusumo
caadria2003_a7-2,Konstantinos Papamichael
caadria2003_a7-3,Qi Zhou
caadria2003_b1-1,Ning Gu
caadria2003_b1-1,Mary Lou Maher
caadria2003_b1-2,Somen Chakraborty
caadria2003_b1-3,Ying-Chun Hsu
caadria2003_b1-3,Robert J. Krawczyk
caadria2003_b1-4,John S. Gero
caadria2003_b1-4,Julie R. Jupp
caadria2003_b2-1,Ahmad Rafi
caadria2003_b2-2,Bob Martens
caadria2003_b2-2,Ziga Turk
caadria2003_b2-2,G. Cooper
caadria2003_b2-3,Chieh-Jen Lin
caadria2003_b2-3,Mao-Lin Chiu
caadria2003_b2-4,Min Ming Cheng
caadria2003_b3-1,Alfredo Stipech
caadria2003_b3-1,Thomas Morahan
caadria2003_b3-2,Anetta Kepczynska-Walczak
caadria2003_b3-2,Bartosz M. Walczak
caadria2003_b3-3,Bauni Hamid
caadria2003_b3-4,Dean Bruton
caadria2003_b3-4,Antony Radford
caadria2003_b4-1,Chung-Jen Kuo
caadria2003_b4-2,Jin-Won Choi
caadria2003_b4-2,Jae Wan Park
caadria2003_b4-3,Hong-Sheng Chen
caadria2003_b4-3,Feng-Tyan Lin
caadria2003_b4-4,John S. Gero
caadria2003_b5-1,Robert F. Woodbury
caadria2003_b5-1,Andrew L. Burrow
caadria2003_b5-2,Luisa G. Caldas
caadria2003_b5-3,Kamon Jirapong
caadria2003_b5-3,Robert J. Krawczyk
caadria2003_b5-4,John S. Gero
caadria2003_b5-4,Udo Kannengiesser
caadria2003_b6-1,A Scott Howe
caadria2003_b6-1,Padru Kang
caadria2003_b6-1,Omid Nasari
caadria2003_b6-2,Chien-Hung Shih
caadria2003_b6-3,Jelena Petric
caadria2003_b6-3,Malcolm Lindsay
caadria2003_b7-1,Jen-Hui Kuo
caadria2003_b7-2,Kendra Schank-Smith
caadria2003_b7-3,Yu-Pin Ma
caadria2003_b7-3,Chia Hsun Lee
caadria2003_b7-3,Taysheng Jeng
caadria2003_c1-1,Jin-Yeu Tsou
caadria2003_c1-1,Benny Chow
caadria2003_c1-1,Selina Lam
caadria2003_c1-3,Nancy Y. Cheng
caadria2003_c1-3,S. Lane-Cummings
caadria2003_c1-4,Marta Malé-Alemany
caadria2003_c1-4,José Pedro Sousa
caadria2003_c2-1,C. Chevrier
caadria2003_c2-1,Didier Bur
caadria2003_c2-1,J.P. Perrin
caadria2003_c2-2,Raktum Sallakachat
caadria2003_c2-2,Araya Choutgrajank
caadria2003_c2-3,Stephen K. Wittkopf
caadria2003_c2-3,Yi Chun Huang
caadria2003_c2-4,Khaled A. Al-Sallal
caadria2003_c3-1,Alberto Sdegno
caadria2003_c3-2,C. Parisel
caadria2003_c3-2,J. Revez
caadria2003_c3-2,T. Tidafi
caadria2003_c3-2,Giovanni De Paoli
caadria2003_c3-3,Meng-Yian Lin
caadria2003_c3-3,Jian Kang
caadria2003_c3-4,Preecha Maneesatid
caadria2003_c3-4,Peter J Szalapaj
caadria2003_c4-1,Eduardo T. Santos
caadria2003_c4-1,Luis A. Derani
caadria2003_c4-2,Stephen K. Wittkopf
caadria2003_c4-2,Foo E-Jin
caadria2003_c4-3,S. Belblidia
caadria2003_c4-3,E. Alby
caadria2003_c5-1,Michael Hoon
caadria2003_c5-1,Wassim Jabi
caadria2003_c5-1,G. Goldman
caadria2003_c5-2,Wan-Ling Wang
caadria2003_c5-2,Sheng-Fen Chien
caadria2003_c5-3,Yehuda E. Kalay
caadria2003_c5-3,Yongwook Jeong
caadria2003_c6-2,Suping Li
caadria2003_c6-2,Joo-Hwa Bay
caadria2003_c6-3,Ron Z. Tadic
caadria2003_k-1,Tipsuda Patummanon
caadria2003_k-2,Suchatvee Suwansawat
101caadria2004,Ayca Tuzmen
102caadria2004,Ju-Hung Lan
103caadria2004,Bob Martens
103caadria2004,Wassim Jabi
103caadria2004,Tomo Cerovsek
103caadria2004,Hannu Penttilä
104caadria2004,Henry Iskandar Ong
105caadria2004,Sheng-Cheng Shih
106caadria2004,Yoke-Chin Lai
107caadria2004,Monchai Bunyavipakul
107caadria2004,Raktum Sallakachat
107caadria2004,Ekasidh Charoensilp
108caadria2004,Jin Baek Kim
108caadria2004,Yongwook Jeong
109caadria2004,Hyun-Ah Choi
109caadria2004,Han-Jong Jun
110caadria2004,John S. Gero
110caadria2004,Wei Peng
111caadria2004,Nimish Biloria
112caadria2004,Chun Yu Hsieh
113caadria2004,Hong-Sheng Chen
114caadria2004,Pak-San Liew
114caadria2004,Mary Lou Maher
115caadria2004,Ih-Cheng Lai
201caadria2004,Marc Aurel Schnabel
201caadria2004,Steve Kuan
201caadria2004,Weidong Li
202caadria2004,Soo-Hoon Park
203caadria2004,Ying-Chun Hsu
203caadria2004,Robert J. Krawczyk
204caadria2004,Chieh-Jen Lin
204caadria2004,Mao-Lin Chiu
205caadria2004,Guan-Ye Mivo Chen
206caadria2004,Ricardo Sosa
206caadria2004,John S. Gero
207caadria2004,Julie R. Jupp
207caadria2004,John S. Gero
208caadria2004,Paul Murty
208caadria2004,Terry Purcell
209caadria2004,Ji-Hyun Lee
209caadria2004,Wei-Feng Hong
210caadria2004,Shu-Hui Huang
210caadria2004,Teng-Wen Chang
210caadria2004,Chung-Jen Kuo
211caadria2004,Yong-Moo Kwon
212caadria2004,John S. Gero
212caadria2004,Jerry Jen-Hung Tsai
301caadria2004,Chia-Yu Wang
301caadria2004,Teng-Wen Chang
302caadria2004,Pei-Ling Wu
303caadria2004,Shang-Yuan Chen
303caadria2004,Mao-Lin Chiu
304caadria2004,Beng-Kiang Tan
305caadria2004,Somen Chakraborty
306caadria2004,Thomas Kvan
306caadria2004,Song Gao
307caadria2004,Ih-Cheng Lai
308caadria2004,Shivani Gonavaram
308caadria2004,So-Yeon Yoon
309caadria2004,Sato Reika
309caadria2004,Yeo Wookhyun
309caadria2004,Yuda Yasuyuki
309caadria2004,Tsuyoshi Sasada
309caadria2004,Atsuko Kaga
309caadria2004,Oh Sooyeon
310caadria2004,Chi Hsiang Lin
310caadria2004,Yu Lin Hsu
311caadria2004,Tsung-Hsien Wang
312caadria2004,Wan-Ping Gao
313caadria2004,Yasuyuki Yuda
313caadria2004,Wookhyun Yeo
313caadria2004,Sooyeon Oh
313caadria2004,Atsuko Kaga
313caadria2004,Tsuyoshi Sasada
313caadria2004,Reika Sato
314caadria2004,Ying-Shiu Huang
314caadria2004,Jainyou Lee
315caadria2004,Kuo-Chung Wen
315caadria2004,Wei-Lung Chen
316caadria2004,Chor-Kheng Lim
401caadria2004,Mitsuo Morozumi
401caadria2004,Riken Homma
402caadria2004,So-Yeon Yoon
402caadria2004,Mustafa Tutar
402caadria2004,M. Saleh Uddin
403caadria2004,Magdy M. Ibrahim
403caadria2004,Robert J. Krawczyk
403caadria2004,George Schipporiet
404caadria2004,Naai Jung Shih
404caadria2004,Pin-Hung Wang
405caadria2004,Thomas S.P. Li
406caadria2004,Hyun-Young Yeon
406caadria2004,Uk Kim
406caadria2004,Young-Kyou Soung
407caadria2004,Larry Sass
408caadria2004,Kuhn Park
408caadria2004,Ramesh Krishnamurti
409caadria2004,Masayuki Okada
409caadria2004,Kazuhisa Iki
409caadria2004,Sadayuki Shimoda
410caadria2004,Chiung-Hui Chen
410caadria2004,Hui-Tin Lin
410caadria2004,Mao-Lin Chiu
411caadria2004,Bauni Hamid
412caadria2004,Todspol Tedrumpun
412caadria2004,Walaiporn Nakapan
501caadria2004,Pei-Ling Wu
501caadria2004,Yu-Tung Liu
501caadria2004,Ying-Shiu Huang
501caadria2004,Yen-Liang Wu
501caadria2004,Chien-Hui Wong
501caadria2004,Tsung-Hsien Wang
501caadria2004,Wan-Ping Gao
501caadria2004,Wen-Li Shih
502caadria2004,Kirsty A. Beilharz
503caadria2004,Hyun Soo Lee
503caadria2004,Jin-Kook Lee
504caadria2004,Kai-Tzu Lu
505caadria2004,Il Ju Lee
505caadria2004,Yun Gil Lee
505caadria2004,Jin-Won Choi
506caadria2004,Xiaolei Chen
506caadria2004,Atiba Phillips
507caadria2004,Christiane Marger Herr
507caadria2004,Thomas Fischer
508caadria2004,Tomás Dorta
509caadria2004,Jaewook Lee
509caadria2004,Yongwook Jeong
509caadria2004,Seung Wook Kim
509caadria2004,Yehuda E. Kalay
510caadria2004,Ju-Yeon Kim
510caadria2004,Hyun Soo Lee
511caadria2004,Yehuda E. Kalay
511caadria2004,Yongwook Jeong
511caadria2004,Seung Wook Kim
511caadria2004,Jaewook Lee
512caadria2004,Chyi-Gang Kuo
512caadria2004,Hsuan-Cheng Lin
512caadria2004,Yang-Ting Shen
512caadria2004,Taysheng Jeng
513caadria2004,Jaeho Ryu
513caadria2004,Naoki Hashimoto
513caadria2004,Shoichi Hasegawa
513caadria2004,Makoto Sato
514caadria2004,Soyoung Park
514caadria2004,Jin-Won Choi
515caadria2004,Naai Jung Shih
515caadria2004,Chin-Hui Su
516caadria2004,Hartmut Seichter
517caadria2004,Wookhyun Yeo
517caadria2004,Yasuyuki Yuda
517caadria2004,Sooyeon Oh
517caadria2004,Atsuko Kaga
517caadria2004,Tsuyoshi Sasada
517caadria2004,Reika Sato
518caadria2004,Mary Lou Maher
518caadria2004,Mijeong Kim
519caadria2004,Mao-Lin Chiu
519caadria2004,Rui-Lung Wu
519caadria2004,Rui-Zhang Peng
519caadria2004,Chih-Chun Huang
caadria2004_k-1,Yehuda E. Kalay
caadria2005_a_1a_a,Pojchara Jatupoj
caadria2005_a_1a_b,B. Senyapili
caadria2005_a_1a_b,I. Basa
caadria2005_a_1a_c,Soo-Hoon Park
caadria2005_a_1a_d,Seung Yeon Choo
caadria2005_a_1a_d,Stefan Hoff
caadria2005_a_1a_d,Rye-Hwa Jung
caadria2005_a_1a_e,Chor-Kheng Lim
caadria2005_a_1a_e,Yu-Tung Liu
caadria2005_a_1b_a,Rabee M. Reffat
caadria2005_a_1b_b,Chien-Hung Shih
caadria2005_a_1b_c,Ju-Hung Lan
caadria2005_a_1b_c,Mao-Lin Chiu
caadria2005_a_1b_d,M. Bouattour
caadria2005_a_1b_d,Gilles Halin
caadria2005_a_1b_d,Jean-Claude Bignon
caadria2005_a_1b_d,P. Triboulot
caadria2005_a_1b_e,Steve Kuan
caadria2005_a_1b_e,Thomas Kvan
caadria2005_a_2a_a,Ih-Cheng Lai
caadria2005_a_2a_a,Kun-Tai Kao
caadria2005_a_2a_a,Teng-Wen Chang
caadria2005_a_2a_b,Chieh-Jen Lin
caadria2005_a_2a_c,Yasunobu Onishi
caadria2005_a_2a_c,Homma Riken
caadria2005_a_2a_c,Yuji Murakami
caadria2005_a_2a_c,Mitsuo Morozumi
caadria2005_a_2a_d,Thomas Kvan
caadria2005_a_2a_d,Weidong Li
caadria2005_a_2b_a,Janice Affleck
caadria2005_a_2b_a,Thomas Kvan
caadria2005_a_2b_b,Sooyeon Oh
caadria2005_a_2b_b,Rieko Kadobayashi
caadria2005_a_2b_b,Tsuyoshi Sasada
caadria2005_a_2b_b,Katsumi Tanaka
caadria2005_a_2b_c,Chiu-Shui Chan
caadria2005_a_2b_c,Chien-Hui Weng
caadria2005_a_2b_d,Yeo Wookhyun
caadria2005_a_2b_d,Yuda Yasuyuki
caadria2005_a_2b_d,Tomohiro Fukuda
caadria2005_a_2b_d,Atsuko Kaga
caadria2005_a_2b_d,Tsuyoshi Sasada
caadria2005_a_2c_a,Andrea Redi
caadria2005_a_2c_a,Ivan Redi
caadria2005_a_2c_b,Geeta Arjun
caadria2005_a_2c_d,Ih-Cheng Lai
caadria2005_a_2c_f,Somen Chakraborty
caadria2005_a_2c_f,Uttam Kumar Banerjee
caadria2005_a_7a_d,Chieh-Jen Lin
caadria2005_a_7a_d,Mao-Lin Chiu
caadria2005_a_7b_a,A.Q.M. Abdullah
caadria2005_a_7b_a,Md. Emran Hossain
caadria2005_a_7b_a,Md. Shabab Habib Khan
caadria2005_a_7b_b,Verdy Kwee
caadria2005_a_7b_b,Antony Radford
caadria2005_a_7b_b,Dean Bruton
caadria2005_a_7b_c,Chuang-Ting Chang
caadria2005_a_7b_d,Jane Burry
caadria2005_a_7b_d,Andrew L. Burrow
caadria2005_a_7b_d,Mark Burry
caadria2005_a_7c_a,Anandan Karunakaran
caadria2005_a_7c_b,Yen-Liang Wu
caadria2005_a_7c_b,Chor-Kheng Lim
caadria2005_a_7c_b,June-Hao Hou
caadria2005_a_7c_b,Yuan-Zone Lee
caadria2005_a_7c_b,Yu-Tung Liu
caadria2005_a_7c_c,Yukiko Nomura
caadria2005_a_7c_c,Tatsuya Kishimoto
caadria2005_a_7c_d,Jin-Yeu Tsou
caadria2005_a_7c_d,Jie He
caadria2005_a_7c_d,Yucai Xue
caadria2005_a_7c_e,Bechir Kenzari
caadria2005_a_7c_f,M.N.H. Siddique
caadria2005_a_7c_f,Qazi A. Mowla
caadria2005_a_7c_f,Mohammad A. Al Masum
caadria2005_a_7c_g,Stylianos Dritsas
caadria2005_a_7c_g,Sameer Kashyap
caadria2005_a_8a_a,Jixi Ai
caadria2005_a_8a_a,Shike Li
caadria2005_a_8a_a,Gebing Wei
caadria2005_a_8a_b,Riken Homma
caadria2005_a_8a_b,Kazuhisa Iki
caadria2005_a_8a_b,Ryouichi Ise
caadria2005_a_8a_c,Ruei-Wen Tsai
caadria2005_a_8a_c,Teng-Wen Chang
caadria2005_a_8b_a,Jia-Yih Chen
caadria2005_a_8b_a,Taysheng Jeng
caadria2005_a_8b_b,Wingly Shih
caadria2005_a_8b_c,Nimish Biloria
caadria2005_a_8b_c,K. Oosterhuis
caadria2005_a_8c_a,Jing-Ji Chang
caadria2005_a_8c_a,Teng-Wen Chang
caadria2005_a_8c_b,Alejandro Arismen Echeverri
caadria2005_a_8c_c,Jeff W.T. Kan
caadria2005_a_8c_c,John S. Gero
caadria2005_a_8c_d,Thomas Kvan
caadria2005_a_8c_d,Song Gao
caadria2005_a_8c_e,Uttiya Bhattacharya
caadria2005_b_3a_b,Yeo Wookhyun
caadria2005_b_3a_b,Motoi Toshio
caadria2005_b_3a_b,Tomohiro Fukuda
caadria2005_b_3a_b,Atsuko Kaga
caadria2005_b_3a_c,Kuhn Park
caadria2005_b_3a_c,Ramesh Krishnamurti
caadria2005_b_3a_d,Atsuko Kaga
caadria2005_b_3a_d,Yasuyuki Yuda
caadria2005_b_3a_d,Tomohiro Fukuda
caadria2005_b_3a_d,Sooyeon Oh
caadria2005_b_3b_a,Sotirios D. Kotsopoulos
caadria2005_b_3b_b,Jae Hwan Jung
caadria2005_b_3b_c,Hong-Sheng Chen
caadria2005_b_3b_c,Chi-Hua Li
caadria2005_b_3b_d,Paul Varghese
caadria2005_b_3b_d,Arif N. Merchant
caadria2005_b_3c_a,Christopher Lowry
caadria2005_b_3c_b,Yingdan Huang
caadria2005_b_3c_b,Ipek Ozkaya
caadria2005_b_3c_b,Ramesh Krishnamurti
caadria2005_b_3c_c,Jawaid Haider
caadria2005_b_3c_c,Theodor Wyeld
caadria2005_b_3c_c,Peter Scriver
caadria2005_b_3c_d,Jaeho Ryu
caadria2005_b_3c_d,Naoki Hashimoto
caadria2005_b_3c_d,Makoto Sato
caadria2005_b_3c_e,Yasushi Onohara
caadria2005_b_3c_e,Tatsuya Kishimoto
caadria2005_b_3c_f,Kai-Ming Yang
caadria2005_b_4a_a,Ravi S. Srinivasan
caadria2005_b_4a_a,Ali M. Malkawi
caadria2005_b_4a_b,Ruchi Choudhary
caadria2005_b_4a_b,Jeremy Michalek
caadria2005_b_4a_c,Halil I. Erhan
caadria2005_b_4a_c,Ulrich Flemming
caadria2005_b_4a_d,T. Thurow
caadria2005_b_4a_d,D. Donath
caadria2005_b_4b_a,Hsuan-Cheng Lin
caadria2005_b_4b_a,Yang-Ting Shen
caadria2005_b_4b_a,Taysheng Jeng
caadria2005_b_4b_b,Hartmut Seichter
caadria2005_b_4b_b,Marc Aurel Schnabel
caadria2005_b_4b_c,Tomohiro Fukuda
caadria2005_b_4b_c,Atsuko Kaga
caadria2005_b_4b_c,Ryuichiro Nagahama
caadria2005_b_4b_c,Nobuyuki Shibano
caadria2005_b_4b_c,Tsuyoshi Sasada
caadria2005_b_4b_c,Yu-Tung Liu
caadria2005_b_4b_d,Martin Tamke
caadria2005_b_4c_a,Yu-Chung Cheng
caadria2005_b_4c_a,Ji-Hyun Lee
caadria2005_b_4c_b,Ting-Yuan Chang
caadria2005_b_4c_c,Sumbul Ahmad
caadria2005_b_4c_c,Scott C. Chase
caadria2005_b_4c_d,Sambit Datta
caadria2005_b_4c_e,J. Jinu Louishidh Kitchley
caadria2005_b_4c_e,A. Srivathsan
caadria2005_b_4c_f,Pi-Yuan Tang
caadria2005_b_4c_f,Teng-Wen Chang
caadria2005_b_5a_a,Udo Kannengiesser
caadria2005_b_5a_a,John S. Gero
caadria2005_b_5a_b,De-Lun Huang
caadria2005_b_5a_b,Shen-Guan Shih
caadria2005_b_5a_c,Julie R. Jupp
caadria2005_b_5a_c,Ricardo Sosa
caadria2005_b_5a_c,John S. Gero
caadria2005_b_5b_a,Mao-Lin Chiu
caadria2005_b_5b_a,Ju-Hung Lan
caadria2005_b_5b_a,Kou-Wei Sun
caadria2005_b_5b_b,Dean Bruton
caadria2005_b_5b_b,Arus Kunkhet
caadria2005_b_5b_c,Andreas Voigt
caadria2005_b_5b_c,Helena Linzer
caadria2005_b_5b_d,Andre Brown
caadria2005_b_5b_d,Michael W. Knight
caadria2005_b_5b_d,Martin Winchester
caadria2005_b_5c_a,Surapong Lertsithichai
caadria2005_b_5c_b,Martin Tamke
caadria2005_b_5c_c,Ching-Hui Huang
caadria2005_b_5c_d,Yang-Ting Shen
caadria2005_b_5c_d,Tay-Sheng Teng
caadria2005_b_5c_e,Mi-Yun Kim
caadria2005_b_5c_e,Jin-Won Choi
caadria2005_b_5c_f,Jumphon Lertlakkhanakul
caadria2005_b_5c_f,Il Ju Lee
caadria2005_b_5c_f,Mi-Yun Kim
caadria2005_b_5c_f,Jin-Won Choi
caadria2005_b_5c_g,Hue-Ku Shih
caadria2005_b_6a_a,José R. Kós
caadria2005_b_6a_a,Tereza C. Malveir Araujo
caadria2005_b_6a_a,José S. Cabral Filho
caadria2005_b_6a_a,Eduardo Mascarenh Santos
caadria2005_b_6a_a,Marcelo Tramontano
caadria2005_b_6a_b,Kai-Tzu Lu
caadria2005_b_6a_b,Teng-Wen Chang
caadria2005_b_6a_c,Bige Tunçer
caadria2005_b_6a_c,Özer Ciftcioglu
caadria2005_b_6a_c,Sevil Sariyildiz
caadria2005_b_6a_c,Michael Cumming
caadria2005_b_6a_d,Ting-Han Chen
caadria2005_b_6a_d,Teng-Wen Chang
caadria2005_b_6b_c,Patrick Janssen
caadria2005_b_6b_c,John Hamilton Frazer
caadria2005_b_6b_c,Ming-Xi Tang
caadria2005_b_6b_d,Ganapathy Mahalingam
caadria2005_b_6c_a,Xiao Zhang
caadria2005_b_6c_c,Mauro Chiarella
caadria2005_b_6c_d,Rudi Stouffs
caadria2005_b_6c_d,Bige Tunçer
caadria2005_b_6c_d,Ernst Janssen Gro Kooistra
caadria2005_b_6c_d,Ellen Sjoer
caadria2005_b_6c_e,Julio Bermudez
caadria2005_b_6c_e,Albert C. Smith
caadria2005_b_6c_e,Seth Striefel
caadria2006_001,William J. Mitchell
caadria2006_007,Toyo Ito
caadria2006_019,Thomas Kvan
caadria2006_027,Mao-Lin Chiu
caadria2006_037,Rivka Oxman
caadria2006_047,A. Shai Yeshayahu
caadria2006_047,B. Maria Vera
caadria2006_053,Halil I. Erhan
caadria2006_063,Riken Homma
caadria2006_063,Mitsuo Morozumi
caadria2006_063,Kazuhisa Iki
caadria2006_063,Y. Deguchi
caadria2006_071,Yuji Matsumoto
caadria2006_071,Michitaka Kiriki
caadria2006_071,Ryusuke Naka
caadria2006_071,Shigeyuki Yamaguchi
caadria2006_081,Jörg Rügemer
caadria2006_091,Bauni Hamid
caadria2006_091,Yehuda E. Kalay
caadria2006_091,Yongwook Jeong
caadria2006_091,Emelie K.F. Cheng
caadria2006_101,Andrea Redi
caadria2006_101,Ivan Redi
caadria2006_111,David Harrison
caadria2006_111,Michael Donn
caadria2006_119,Mary Lou Maher
caadria2006_119,Mijeong Kim
caadria2006_125,Norihiro Kawasumi
caadria2006_125,Arisa Ooba
caadria2006_125,Yong Sun
caadria2006_133,Mary Lou Maher
caadria2006_133,Mike Rosenman
caadria2006_133,Kathryn Merrick
caadria2006_133,Owen Macindoe
caadria2006_133,David Marchant
caadria2006_143,Shiro Matsushima
caadria2006_151,Ih-Cheng Lai
caadria2006_161,Herm Hofmeyer
caadria2006_161,Jan G.M. Kerstens
caadria2006_169,Rabee M. Reffat
caadria2006_179,Keatruangkamala K.
caadria2006_179,Nilkaew P.
caadria2006_187,Chi-Hsin Liang
caadria2006_187,Teng-Wen Chang
caadria2006_197,Anandan Swathika
caadria2006_197,So-Yeon Yoon
caadria2006_197,M. Saleh Uddin
caadria2006_203,Joseph Chuen-Huei Huang
caadria2006_203,Robert J. Krawczyk
caadria2006_203,George Schipporiet
caadria2006_209,Marcel Botha
caadria2006_209,Lawrence D. Sass
caadria2006_217,Axel Kilian
caadria2006_227,Kenfield Griffith
caadria2006_227,Larry Sass
caadria2006_237,Nimish Biloria
caadria2006_237,K. Oosterhuis
caadria2006_237,C. Aalbers
caadria2006_245,Chor-Kheng Lim
caadria2006_253,Sergio Araya
caadria2006_261,Odilo Schoch
caadria2006_269,Matthias Haase
caadria2006_269,Alex Amato
caadria2006_277,Alexander Koutamanis
caadria2006_287,Yen-Chun Pan
caadria2006_287,Teng-Wen Chang
caadria2006_295,Chiung-Hui Chen
caadria2006_295,Mao-Lin Chiu
caadria2006_303,Yu-Chun Huang
caadria2006_313,Mao-Lin Chiu
caadria2006_313,Binsu Chiang
caadria2006_313,Guan-Cheng Lee
caadria2006_313,Hanyun Tseng
caadria2006_323,Shang-Yuan Chen
caadria2006_323,Mao-Lin Chiu
caadria2006_331,Mi-Yun Kim
caadria2006_331,Jin-Won Choi
caadria2006_341,Cheng-Ping Lai
caadria2006_341,Ju-Hung Lan
caadria2006_341,Mao-Lin Chiu
caadria2006_349,Peng-Hui Wan
caadria2006_349,D. Holstius
caadria2006_349,J. Kembel
caadria2006_349,A. Hurst
caadria2006_349,J. Forlizzi
caadria2006_355,Sooyeon Oh
caadria2006_355,Yutaka Kidawara
caadria2006_355,Katsumi Tanaka
caadria2006_355,Toshio Nagafune
caadria2006_363,Hsiao-Chen You
caadria2006_363,Shang-Chia Chiou
caadria2006_363,Yi-Shin Deng
caadria2006_371,So-Yeon Yoon
caadria2006_379,Wan-Ning Wu
caadria2006_379,Yen-Liang Wu
caadria2006_379,Ching-Chien Lin
caadria2006_379,June-Hao Hou
caadria2006_379,Hua-Lun Liang
caadria2006_379,Yu-Tung Liu
caadria2006_387,Wei Yan
caadria2006_397,Mohamed Alaa Mandour
caadria2006_405,José R. Kós
caadria2006_405,Jose Barki
caadria2006_413,Anand Bhatt
caadria2006_413,Bob Martens
caadria2006_425,Hong-Sheng Chen
caadria2006_425,Yu-Shu Chen
caadria2006_433,Ching-Hui Huang
caadria2006_433,Yu-Li Chang
caadria2006_433,Yu-Tung Liu
caadria2006_443,Michael W. Knight
caadria2006_443,Andre Brown
caadria2006_443,J.S. Smith
caadria2006_453,Yuichi Shimokawa
caadria2006_453,Ayako Fukushima
caadria2006_453,Tatsuo Masuta
caadria2006_453,Tomohiro Miyashita
caadria2006_453,Akihiko Tani
caadria2006_453,Shigehiko Sakao
caadria2006_453,Atsushi Sone
caadria2006_453,Mamoru Shiroki
caadria2006_453,Dai Kawahara
caadria2006_461,Jin-Yeu Tsou
caadria2006_461,Jie He
caadria2006_461,Yucai Xue
caadria2006_471,Y. Takase
caadria2006_471,K. Yano
caadria2006_471,T. Nakaya
caadria2006_471,Y. Isoda
caadria2006_471,T. Kawasumi
caadria2006_471,Dai Kawahara
caadria2006_471,S. Tanaka
caadria2006_471,M. Inoue
caadria2006_471,A. Tsukamoto
caadria2006_471,T. Kirimura
caadria2006_471,K. Matsuoka
caadria2006_471,N. Sho
caadria2006_471,Atsushi Sone
caadria2006_471,T. Hatanaka
caadria2006_471,K. Shimiya
caadria2006_471,M. Shiroki
caadria2006_471,T. Masumi
caadria2006_471,Norihiro Kawasumi
caadria2006_479,Ju-Hung Lan
caadria2006_479,Mao-Lin Chiu
caadria2006_487,Wingly Shih
caadria2006_487,Hua-Lun Liang
caadria2006_487,June-Hao Hou
caadria2006_487,Yu-Tung Liu
caadria2006_495,Reika Sato
caadria2006_495,Wookhyun Yeo
caadria2006_495,Atsuko Kaga
caadria2006_495,Mayumi Oyama-Higa
caadria2006_503,Atsuko Kaga
caadria2006_503,Atsushi Miyagawa
caadria2006_503,Masahiro Kawaguchi
caadria2006_503,Wookhyun Yeo
caadria2006_503,Tomohiro Fukuda
caadria2006_513,Bimal Balakrishnan
caadria2006_513,Loukas N. Kalisperis
caadria2006_513,Katsuhiko Muramoto
caadria2006_513,George H. Otto
caadria2006_521,O. Palmon
caadria2006_521,M. Sahar
caadria2006_521,L. P. Wiess
caadria2006_521,Rivka Oxman
caadria2006_529,Zuzanna Ufnalska
caadria2006_537,Yasunobu Onishi
caadria2006_537,Mitsuo Morozumi
caadria2006_537,Riken Homma
caadria2006_537,Yuji Murakami
caadria2006_541,Shun Watanabe
caadria2006_545,Dietrich Elger
caadria2006_545,Andreas Dieckmann
caadria2006_545,Peter Russell
caadria2006_545,Thomas Stachelhaus
caadria2006_549,Yuji Murakami
caadria2006_549,Mitsuo Morozumi
caadria2006_549,Riken Homma
caadria2006_549,Nobuyasu Onishi
caadria2006_553,Mary Lou Maher
caadria2006_553,Zafer Bilda
caadria2006_553,Leman Figen Gül
caadria2006_553,David Marchant
caadria2006_557,Preecha Manessatid
caadria2006_557,Peter J Szalapaj
caadria2006_561,Hong-Sheng Chen
caadria2006_561,Chan-Jui Liu
caadria2006_565,Chen Chien Tung
caadria2006_569,Teng-Wen Chang
caadria2006_569,Wei-Tsang Chang
caadria2006_573,Sheng-Kai Tang
caadria2006_573,Wen-Yen Tang
caadria2006_577,Chun-Cheng Chen
caadria2006_577,Teng-Wen Chang
caadria2006_581,Ching-Hui Huang
caadria2006_581,Kuo-Hsien Huang
caadria2006_585,Sotirios D. Kotsopoulos
caadria2006_589,Yu-Nan Yeh
caadria2006_593,Gui-Hyun Lee
caadria2006_593,Eun-Joo Sin
caadria2006_593,So-Young Kim
caadria2006_593,Sung–ho Woo
caadria2006_593,Soon-Bum Lim
caadria2006_597,Chor-Kheng Lim
caadria2006_597,Ching-Shun Tang
caadria2006_597,Wei-Yen Hsao
caadria2006_597,June-Hao Hou
caadria2006_597,Yu-Tung Liu
caadria2006_601,Binsu Chiang
caadria2006_601,Mao-Lin Chiu
caadria2006_605,Richard Dank
caadria2006_605,Andreas Gruber
caadria2006_609,Wookhyun Yeo
caadria2006_609,Tomohiro Fukuda
caadria2006_609,Atsuko Kaga
caadria2006_609,Sooyeon Oh
caadria2006_613,Jaeho Ryu
caadria2006_613,Naoki Hashimoto
caadria2006_613,Makoto Sato
caadria2006_613,Masashi Soeda
caadria2006_613,Ryuzo Ohno
caadria2006_617,Ching-Chien Lin
caadria2006_621,Yu-Lu Liu
caadria2006_625,Tomohiro Fukuda
caadria2006_625,Nobuaki Okamoto
caadria2006_625,Wookhyun Yeo
caadria2006_625,Atsuko Kaga
caadria2006_629,Michael A. Ambrose
caadria2006_633,Wan-Yu Liu
caadria2006_637,J. Jinu Louishidh Kitchley
caadria2006_641,Piyaboon Nilkaew
caadria2006_645,R. Ise
caadria2006_645,Riken Homma
caadria2006_645,Kazuhisa Iki
caadria2007_005,Neri Oxman
caadria2007_005,Jesse L. Rosenberg
caadria2007_013,Yuan-Bang Cheng
caadria2007_013,Teng-Wen Chang
caadria2007_021,Mao-Lin Chiu
caadria2007_021,Guan-Cheng Lee
caadria2007_029,Sherif Abdelmohsen
caadria2007_029,Ellen Yi-Luen Do
caadria2007_037,Worawut Wutthikornthanawat
caadria2007_037,Pinyo Jinuntuya
caadria2007_049,Vishal Singh
caadria2007_049,John S. Gero
caadria2007_057,Tahar Kouide
caadria2007_057,G. Paterson
caadria2007_069,Hao-Hsiu Chiu
caadria2007_081,Jumphon Lertlakkhanakul
caadria2007_081,Choungkyu Ryu
caadria2007_081,Jin-Won Choi
caadria2007_089,Yasunobu Onishi
caadria2007_089,Mitsuo Morozumi
caadria2007_089,Riken Homma
caadria2007_089,Takahiro Maruyama
caadria2007_097,Rong Du
caadria2007_097,Yuan Gao
caadria2007_107,Peng Ji
caadria2007_113,Li Li
caadria2007_113,Jingwen Gu
caadria2007_119,Ahmed Mokhtar
caadria2007_127,Ning Gu
caadria2007_127,Leman Figen Gül
caadria2007_127,Mary Lou Maher
caadria2007_133,Martin Tamke
caadria2007_133,Olaf Kobiella
caadria2007_145,Robert Golda
caadria2007_157,Krzysztof Koszewski
caadria2007_157,Jan Slyk
caadria2007_157,Stefan Wrona
caadria2007_165,Huai-Wie Liu
caadria2007_165,Ji-Hyun Lee
caadria2007_171,Ashik Vaskor Mannan
caadria2007_171,M. Saleh Uddin
caadria2007_179,Rob Saunders
caadria2007_179,Mary Lou Maher
caadria2007_179,Kathryn Merrick
caadria2007_185,Somwrita Sarkar
caadria2007_185,John S. Gero
caadria2007_185,Rob Saunders
caadria2007_191,Biao Li
caadria2007_203,Felix Heidrich
caadria2007_203,Peter Russell
caadria2007_203,Thomas Stachelhaus
caadria2007_211,Suzana Said
caadria2007_211,Mohamed R. Embi
caadria2007_219,Wei Yan
caadria2007_227,Zhong Tang
caadria2007_233,Ali Ghaffarian Hoseini
caadria2007_233,Rahinah Ibrahim
caadria2007_241,Kenny T.C. Tse
caadria2007_241,Andy Wong
caadria2007_241,Francis Wong
caadria2007_249,Paul Nicholas
caadria2007_249,Mark Burry
caadria2007_263,Abeer Shaheen
caadria2007_263,H. Elkadi
caadria2007_273,Davood Chitchian
caadria2007_273,H.C. Bekkering
caadria2007_283,Michael A. Ambrose
caadria2007_289,Putthinun Sawasratanathon
caadria2007_289,Pinyo Jinuntuya
caadria2007_295,Atsuko Kaga
caadria2007_295,Hahm Joohyung
caadria2007_301,Larry Barrow
caadria2007_301,Shaima Al Arayedh
caadria2007_309,Odilo Schoch
caadria2007_321,Bechir Kenzari
caadria2007_329,Zhya Jacobs
caadria2007_337,Ting-Fung Ho
caadria2007_345,Rachelle Villalon
caadria2007_353,Elys John
caadria2007_361,Chien Jung Lo
caadria2007_361,Mao-Lin Chiu
caadria2007_361,Ming-Nan Liu
caadria2007_369,Taysheng Jeng
caadria2007_369,Hsuan-Cheng Lin
caadria2007_369,Yang-Ting Shen
caadria2007_369,Cheng-An Pan
caadria2007_369,Chun-I Chen
caadria2007_381,Thomas Fischer
caadria2007_381,Christiane Marger Herr
caadria2007_391,Nimish Biloria
caadria2007_399,Halil I. Erhan
caadria2007_399,Fatiha. D. Jebbar
caadria2007_411,Youpei Hu
caadria2007_411,Wowo Ding
caadria2007_411,Gang Yuan
caadria2007_423,Dominik Holzer
caadria2007_423,Mark Burry
caadria2007_423,Richard Hough
caadria2007_433,Theodoros Dounas
caadria2007_433,Kotsiopoulos M. Anastasios
caadria2007_441,Ju-Hung Lan
caadria2007_451,Chiu-Shui Chan
caadria2007_459,Kui Yue
caadria2007_459,Ramesh Krishnamurti
caadria2007_467,Paul Varghese
caadria2007_467,Arif N. Merchant
caadria2007_475,Alexander Koutamanis
caadria2007_475,Gilles Halin
caadria2007_475,Thomas Kvan
caadria2007_483,Ih-Cheng Lai
caadria2007_483,Teng-Wen Chang
caadria2007_489,Herman Neuckermans
caadria2007_489,Martin Wolpers
caadria2007_489,Mathias Casaer
caadria2007_489,Ann Heylighen
caadria2007_503,Reika Sato
caadria2007_503,Bin Lu
caadria2007_503,Mayumi Oyama-Higa
caadria2007_503,Tsuneo Jozen
caadria2007_503,Nagae Katsuya
caadria2007_511,Jörg Rügemer
caadria2007_519,David Porter
caadria2007_519,Raid Hanna
caadria2007_529,Paul Murty
caadria2007_529,Terry Purcell
caadria2007_537,Chuan Fei Yu
caadria2007_543,Lixin Fang
caadria2007_543,Qi Zhou
caadria2007_549,Chuang-Yu Huang
caadria2007_561,Xiangyu Wang
caadria2007_569,José R. Kós
caadria2007_577,Jules Moloney
caadria2007_585,José Luis Menegotto
caadria2007_593,Tomohiro Fukuda
caadria2007_593,Atsuko Kaga
caadria2007_593,Masahiro Kawaguchi
caadria2007_593,Wookhyun Yeo
caadria2007_599,Beng-Kiang Tan
caadria2007_599,Daniel Hii Jun Chung
caadria2007_611,Kittisak Arpornwicharnop
caadria2007_611,Pinyo Jinuntuya
caadria2007_611,Pizzanu Kanongchaiyos
caadria2007_619,Jingping Qian
caadria2007_619,Chiu-Shui Chan
caadria2007_625,Marc Aurel Schnabel
caadria2007_633,Kalliopi Maravelea
caadria2007_633,M. Grant
caadria2007_639,Pinyo Jinuntuya
caadria2007_639,Jirayod Theppipit
caadria2007_645,Ji-Hyun Lee
caadria2007_645,Tian-Chiu Li
caadria2007_657,Sirin Chotsiri
caadria2007_657,Siwarak Suwannasan
caadria2007_657,Wipaporn Lamool
caadria2007_657,Monchai Bunyavipakul
caadria2007_659,Zi-Ru Chen
caadria2007_661,Wipaporn Lamool
caadria2007_661,Sirin Chotsiri
caadria2007_661,S. Suvarnnasara
caadria2007_661,Monchai Bunyavipakul
caadria2007_667,P.G. Shivshankar
caadria2007_667,Vennila Thirumavalavan
caadria2007_675,Joseph Chuen-Huei Huang
caadria2007_677,R. Anbusivan
caadria2007_683,Bahram Tayyar
caadria2007_687,Liang Chen
caadria2007_689,Daniel Hii Jun Chung
caadria2007_693,Yue Kui
caadria2007_693,Ramesh Krishnamurti
caadria2008_10_session1b_081,Hannu Penttilä
caadria2008_10_session1b_081,Markus Peter
caadria2008_10_session1b_081,Dietrich Elger
caadria2008_11_session2a_093,Hyun Soo Lee
caadria2008_11_session2a_093,Ju Hyun Lee
caadria2008_12_session2a_103,Wun-Bin Yang
caadria2008_12_session2a_103,Ji-Hyun Lee
caadria2008_13_session2a_110,Wiboonsiri Wiboonma
caadria2008_13_session2a_110,Pinyo Jinuntuya
caadria2008_13_session2a_110,Pizzanu Kanongchaiyos
caadria2008_14_session2a_117,Kui Yue
caadria2008_14_session2a_117,Casey Hickerson
caadria2008_14_session2a_117,Ramesh Krishnamurti
caadria2008_15_session2a_125,Ganapathy Mahalingam
caadria2008_16_session2a_132,Anand Bhatt
caadria2008_17_session2a_143,Pornpis Kaewlai
caadria2008_17_session2a_143,Pinyo Jinuntuya
caadria2008_17_session2a_143,Pizzanu Kanongchaiyos
caadria2008_18_session3a_153,John S. Gero
caadria2008_18_session3a_153,Kazjon S. Grace
caadria2008_18_session3a_153,Robert Saunders
caadria2008_19_session3a_161,Yeonjoo Oh
caadria2008_19_session3a_161,Mark D. Gross
caadria2008_19_session3a_161,Ellen Yi-Luen Do
caadria2008_1_session1a_014,Tomohiro Fukuda
caadria2008_1_session1a_014,Atsuko Kaga
caadria2008_1_session1a_014,Yosuke Takada
caadria2008_20_session3a_168,Ju-Hung Lan
caadria2008_21_session3a_174,Ju-Hung Lan
caadria2008_21_session3a_174,Kai-Han Chung
caadria2008_22_session3a_180,Li Li
caadria2008_22_session3a_180,Jingwen Gu
caadria2008_22_session3a_180,Jing Ma
caadria2008_23_session3a_185,Kathryn Merrick
caadria2008_23_session3a_185,Mary Lou Maher
caadria2008_23_session3a_185,Rob Saunders
caadria2008_24_session3a_193,Tajin Biswas
caadria2008_24_session3a_193,Tsung-Hsien Wang
caadria2008_24_session3a_193,Ramesh Krishnamurti
caadria2008_25_session3b_205,Mi-Yun Kim
caadria2008_25_session3b_205,Jin-Won Choi
caadria2008_26_session3b_213,Leman Figen Gül
caadria2008_27_session3b_221,Tristan Al-Haddad
caadria2008_28_session3b_229,Hyoung-June Park
caadria2008_28_session3b_229,Young-Kyu Park
caadria2008_29_session3b_236,Walaiporn Nakapan
caadria2008_29_session3b_236,Somkidt Yindeeyoungyeon
caadria2008_2_session1a_022,Dounas Theodoros
caadria2008_2_session1a_022,Kotsiopoulos M. Anastasios
caadria2008_30_session3b_244,Bahram Tayyar
caadria2008_31_session3b_251,Ruht Tantachamroon
caadria2008_31_session3b_251,Acharawan Chutarat
caadria2008_32_session4a_263,Jeff W.T. Kan
caadria2008_32_session4a_263,John S. Gero
caadria2008_33_session4a_271,Tomohiro Fukuda
caadria2008_33_session4a_271,Atsuko Kaga
caadria2008_33_session4a_271,Takanori Terashima
caadria2008_34_session4a_278,Thomas Fischer
caadria2008_35_session4a_285,Cheng-An Pan
caadria2008_35_session4a_285,Taysheng Jeng
caadria2008_36_session4a_293,Marc Aurel Schnabel
caadria2008_36_session4a_293,Xiangyu Wang
caadria2008_36_session4a_293,Hartmut Seichter
caadria2008_36_session4a_293,Thomas Kvan
caadria2008_37_session4a_300,Giuseppe Pellitteri
caadria2008_37_session4a_300,Salvatore Concialdi
caadria2008_37_session4a_300,Raimondo Lattuca
caadria2008_38_session4a_309,John S. Gero
caadria2008_38_session4a_309,Nick Kelly
caadria2008_39_session4b_321,Christiane Marger Herr
caadria2008_39_session4b_321,Justyna Karakiewicz
caadria2008_3_session1a_029,Michael A. Ambrose
caadria2008_3_session1a_029,Carl Lostritto
caadria2008_3_session1a_029,Luc Wilson
caadria2008_40_session4b_328,Chieh-Jen Lin
caadria2008_40_session4b_328,Mao-Lin Chiu
caadria2008_41_session4b_335,Biao Li
caadria2008_41_session4b_335,Rong Li
caadria2008_41_session4b_335,Xue Kai
caadria2008_41_session4b_335,Liu Chang
caadria2008_41_session4b_335,Gao Qin
caadria2008_42_session4b_343,Carlos Barrios
caadria2008_42_session4b_343,Damien Alomar
caadria2008_43_session4b_350,Rui Chen
caadria2008_43_session4b_350,Xiangyu Wang
caadria2008_44_session4b_357,Jeremy J. Ham
caadria2008_45_session4b_364,Katsuhiko Muramoto
caadria2008_45_session4b_364,Sonali Kumar
caadria2008_45_session4b_364,Michael Jemtrud
caadria2008_45_session4b_364,Danielle Wiley
caadria2008_46_session5a_375,Makoto Otani
caadria2008_46_session5a_375,Tatsuya Kishimoto
caadria2008_47_session5a_383,Mercedes Paulini
caadria2008_47_session5a_383,Marc Aurel Schnabel
caadria2008_48_session5a_391,S. Kacher
caadria2008_48_session5a_391,Gilles Halin
caadria2008_49_session5a_399,V. Anuradha
caadria2008_49_session5a_399,Minal Sabnis
caadria2008_49_session5a_399,Vennila Thirumavalavn
caadria2008_4_session1a_036,Ben Coorey
caadria2008_50_session5a_409,Ginette M. Wessel
caadria2008_50_session5a_409,Eric J. Sauda
caadria2008_50_session5a_409,Remco Chang
caadria2008_51_session5a_417,Heimo Schimek
caadria2008_51_session5a_417,Milena Stavric
caadria2008_51_session5a_417,Albert Wiltsche
caadria2008_52_session5a_426,Atsuko Kaga
caadria2008_52_session5a_426,Yasuko Matsunaga
caadria2008_52_session5a_426,Kenichi Sakai
caadria2008_52_session5a_426,Tomohiro Fukuda
caadria2008_53_session5b_437,Michael A. Ambrose
caadria2008_53_session5b_437,Lisa Lacharité-Lostritto
caadria2008_54_session5b_445,Ahmad Rafi
caadria2008_54_session5b_445,Mastura Yunan
caadria2008_54_session5b_445,Mazlan Mahadzir
caadria2008_54_session5b_445,Abdul Halim
caadria2008_55_session5b_452,Jae Wan Park
caadria2008_55_session5b_452,Yunseok Oscar Kang
caadria2008_55_session5b_452,Kostas Terzidis
caadria2008_56_session5b_459,Marc Aurel Schnabel
caadria2008_57_session6a_472,S. Lim
caadria2008_57_session6a_472,Miquel Prats
caadria2008_57_session6a_472,Scott C. Chase
caadria2008_57_session6a_472,Steve Garner
caadria2008_58_session6a_479,Shiro Matsushima
caadria2008_58_session6a_479,Rie Takenaka
caadria2008_58_session6a_479,Daisuke Sasaki
caadria2008_59_session6a_487,C. Chevrier
caadria2008_59_session6a_487,J.P. Perrin
caadria2008_5_session1a_042,Chiung-Hui Chen
caadria2008_60_session6a_494,Xiangyu Wang
caadria2008_60_session6a_494,Rui Chen
caadria2008_61_session6a_501,Peter Christensen
caadria2008_61_session6a_501,Marc Aurel Schnabel
caadria2008_62_session6a_510,Nancy Diniz
caadria2008_63_session6b_522,Athanassios Economou
caadria2008_63_session6b_522,Gernot Riether
caadria2008_64_session6b_529,Jörg Rügemer
caadria2008_65_session6b_536,Nuttawut Puttipong
caadria2008_66_session6b_544,Russell Lowe
caadria2008_67_session6b_552,Hyoung-June Park
caadria2008_68_session7a_564,Shun Watanabe
caadria2008_68_session7a_564,Yu Nishikawa
caadria2008_69_session7a_572,Jumphon Lertlakkhanakul
caadria2008_69_session7a_572,Seoyoung Lee
caadria2008_69_session7a_572,Jin-Won Choi
caadria2008_6_session1b_053,Ning Gu
caadria2008_6_session1b_053,Vishal Singh 
caadria2008_6_session1b_053,London Kerry
caadria2008_6_session1b_053,Ljiljana Brankovic
caadria2008_6_session1b_053,Taylor Claudelle
caadria2008_70_session7a_579,Beng-Kiang Tan
caadria2008_70_session7a_579,Daniel Jun Chung Hii
caadria2008_71_session7a_587,Rabee M. Reffat
caadria2008_71_session7a_587,Yaman Khaeruzzaman
caadria2008_71_session7a_587,Emad El-Sebakhy
caadria2008_71_session7a_587,I Putu Raharja
caadria2008_72_session7a_594,Satakhun Kosavinta
caadria2008_73_session7a_601,Ning Gu
caadria2008_73_session7a_601,Jerry Jen-Hung Tsai
caadria2008_74_session7a_609,Norio Koba
caadria2008_74_session7a_609,Koji Koizumi
caadria2008_74_session7a_609,Tatsuya Kishimoto
caadria2008_75_session7b_622,Selina Lam
caadria2008_76_session7b_629,Pinyo Jinuntuya
caadria2008_76_session7b_629,Prittiporn Lopkerd
caadria2008_77_session7b_635,Thorsten M. Loemker
caadria2008_78_session7b_642,Chumporn Moorapun
caadria2008_79_session7b_647,Nguyen Quang Huy
caadria2008_7_session1b_061,Bechir Kenzari
caadria2008_80_session7b_654,Bob Martens
caadria2008_81_session7b_662,Erik M. Champion
caadria2008_81_session7b_662,Andrew Dekker
caadria2008_81_session7b_662,Petra Thomas
caadria2008_8_session1b_068,Odilo Schoch
caadria2008_8_session1b_068,Peter Russell
caadria2008_9_session1b_075,Sheng-Fen Chien
caadria2009_007,Ghousia Saeed
caadria2009_007,Andre Brown
caadria2009_007,Michael W. Knight
caadria2009_009,Christiane Marger Herr
caadria2009_010,Walaiporn Nakapan
caadria2009_010,Ning Gu
caadria2009_010,Leman Figen Gül
caadria2009_010,Anthony Williams
caadria2009_012,Hao-Hsiu Chiu
caadria2009_013,Daniel Rosenberg
caadria2009_016,Timothy L. Hemsath
caadria2009_016,Ronald Bonnstetter
caadria2009_016,Leen-Kiat Soh
caadria2009_016,Robert Williams
caadria2009_017,Dean Bruton
caadria2009_018,Michael A. Ambrose
caadria2009_018,Benjamin G. Callam
caadria2009_018,Joseph Kunkel
caadria2009_018,Luc Wilson
caadria2009_019,Yuan-Yu Liao
caadria2009_021,Michael A. Ambrose
caadria2009_023,Jumphon Lertlakkhanakul
caadria2009_023,Sang-Ik Lee
caadria2009_023,Dooyoung Kwon
caadria2009_023,Jin-Won Choi
caadria2009_024,Teng-Wen Chang
caadria2009_024,Ching-Jung Lin
caadria2009_024,Yi-Yen Wang
caadria2009_026,Michael Ostwald
caadria2009_026,Josephine Vaughan
caadria2009_027,Rom Khampanya
caadria2009_027,Surapong Lertsithichai
caadria2009_030,Ih-Cheng Lai
caadria2009_030,Teng-Wen Chang
caadria2009_031,Wael A. Abdelhameed
caadria2009_033,Hao Hua
caadria2009_033,Biao Li
caadria2009_033,Yong Shan
caadria2009_033,Hong Zhang
caadria2009_033,Hong-Mei Zhai
caadria2009_034,Yu-Chun Huang
caadria2009_034,Kuan-Ying Wu
caadria2009_034,Yu-Tung Liu
caadria2009_035,Andrew I-Kang Li
caadria2009_035,Hau Hing Chau
caadria2009_035,Liang Chen
caadria2009_035,Yang Wang
caadria2009_043,Kui Yue
caadria2009_043,Ramesh Krishnamurti
caadria2009_046,Matthias Hank Haeusler
caadria2009_053,Hui-Jiun Hu
caadria2009_053,Jen Yen
caadria2009_055,Hyoung-June Park
caadria2009_056,Ya-Chieh Lee
caadria2009_056,Ming-Chyuan Ho
caadria2009_057,Ning Gu
caadria2009_057,Leman Figen Gül
caadria2009_057,Anthony Williams
caadria2009_057,Walaiporn Nakapan
caadria2009_061,Yasuyo Yoshikawa
caadria2009_061,Kyoko Miyashita
caadria2009_061,Tomohiro Fukuda
caadria2009_061,Kenichi Sakai
caadria2009_062,Takayuki Kawaguchi
caadria2009_062,Yoshihiro Nishimura
caadria2009_062,Atsumi Maruhashi
caadria2009_062,Tomohiro Fukuda
caadria2009_062,Nobuyoshi Yabuki
caadria2009_063,Nan-Ching Tai
caadria2009_063,Mehlika Inanici
caadria2009_065,Biao Li
caadria2009_065,Rong Li
caadria2009_067,Piyaboon Nilkaew
caadria2009_069,Yen-Ling Chen
caadria2009_069,Pei-Chien Hung
caadria2009_070,Michael P. Sharman
caadria2009_070,Sambit Datta
caadria2009_071,Toan Phan Viet
caadria2009_071,Choo Seung Yeon
caadria2009_071,Woo Seung Hak
caadria2009_071,Choi Ahrina
caadria2009_073,Bharat Dave
caadria2009_073,Jules Moloney
caadria2009_074,Rung-Huei Liang
caadria2009_074,Ying-Ming Huang
caadria2009_075,Naai Jung Shih
caadria2009_075,Jah-Yu Lee
caadria2009_075,Ching-Feng Chang
caadria2009_078,Zi-Ru Chen
caadria2009_082,Thomas Fischer
caadria2009_087,Chieh-Jen Lin
caadria2009_091,Greg Pitts
caadria2009_091,Sambit Datta
caadria2009_092,Chun-Hung Liu
caadria2009_092,Chang-Franw Lee
caadria2009_097,Chieh-Jen Lin
caadria2009_097,Mao-Lin Chiu
caadria2009_103,Stefan Boeykens
caadria2009_103,Herman Neuckermans
caadria2009_109,Chung-Yang Wang
caadria2009_111,Tajin Biswas
caadria2009_111,Ramesh Krishnamurti
caadria2009_111,Tsung-Hsien Wang
caadria2009_112,Pei-Lin Chen
caadria2009_112,Jen Yen
caadria2009_120,Hung-Ming Cheng
caadria2009_120,Ya-Ning Yen
caadria2009_120,Wun-Bin Yang
caadria2009_125,Hsutung Wang
caadria2009_125,Yu-Pin Ma
caadria2009_125,Hsuan-Cheng Lin
caadria2009_125,Taysheng Jeng
caadria2009_125,Shyhnan Liou
caadria2009_130,Mei-Lin Kuo
caadria2009_131,Sheng-Fen Chien
caadria2009_135,Yen-Liang Wu
caadria2009_137,Daniel Baerlecken
caadria2009_137,Judith Reitz
caadria2009_142,Sheng-Kai Tang
caadria2009_142,Wen-Yen Tang
caadria2009_144,Tsung-Hsien Wang
caadria2009_145,Silvan Oesterle
caadria2009_146,Gustav Fagerström
caadria2009_147,Gernot Riether
caadria2009_147,Daniel Baerlecken
caadria2009_151,Michael A. Fox
caadria2009_152,Gonçalo Castro Henriques
caadria2009_154,Shuo-Tao Chiang
caadria2009_154,Sheng-Fen Chien
caadria2009_159,Seung Wook Kim
caadria2009_159,Hsin-Hsien Chiu
caadria2009_160,P.G. Shivshankar
caadria2009_160,R. Balachandar
caadria2009_161,R. Balachandar
caadria2009_161,P.G. Shivshankar
caadria2009_165,Prittiporn Lopkerd
caadria2009_165,Pinyo Jinuntuya
caadria2009_170,Zhi Liu
caadria2009_170,Jixi Ai
caadria2009_170,Zheng Wang
caadria2009_171,Yong Yuan
caadria2009_171,Jixi Ai
caadria2009_172,Heimo Schimek
caadria2009_172,Milena Stavric
caadria2009_172,Albert Wiltsche
caadria2009_172,Otto Roeschel
caadria2009_174,Chiung-Hui Chen
caadria2009_176,Russell Lowe
caadria2009_180,Jeff W.T. Kan
caadria2009_180,John S. Gero
caadria2009_186,Chor-Kheng Lim
caadria2009_191,Mi-Yun Kim
caadria2009_191,Jin-Won Choi
caadria2009_192,Hafizur Rahaman
caadria2009_192,Beng-Kiang Tan
caadria2009_207,Eleftheria E. Fasoulaki
caadria2009_208,Irene Rui Chen
caadria2009_208,Marc Aurel Schnabel
caadria2009_210,Hsien-Hui Tang
caadria2009_210,Yu-Ying Lee
caadria2009_210,Wen-Ko Chiou
caadria2009_278,Carl Lostritto
caadria2009_318,Anthony Burke
caadria2009_320,Odilo Schoch